0.02	0.3814697265625
0.04	0.3814697265625
0.06	1.52587890625
0.08	1.52587890625
0.1	3.814697265625
0.12	3.814697265625
0.14	10.2996826171875
0.16	14.1143798828125
0.18	26.702880859375
0.2	34.332275390625
0.22	67.138671875
0.24	79.345703125
0.26	66.7572021484375
0.28	83.160400390625
0.3	69.427490234375
0.32	86.212158203125
0.34	82.0159912109375
0.36	97.2747802734375
0.38	54.931640625
0.4	21.7437744140625
0.42	28.6102294921875
0.44	23.2696533203125
0.46	33.5693359375
0.48	29.3731689453125
0.5	61.4166259765625
0.52	64.0869140625
0.54	85.8306884765625
0.56	72.8607177734375
0.58	86.5936279296875
0.6	77.81982421875
0.62	87.738037109375
0.64	87.3565673828125
0.66	93.841552734375
0.68	99.18212890625
0.7000000000000001	35.4766845703125
0.72	18.6920166015625
0.74	15.6402587890625
0.76	21.3623046875
0.78	20.599365234375
0.8	29.3731689453125
0.8200000000000001	45.013427734375
0.84	71.71630859375
0.86	64.849853515625
0.88	47.30224609375
0.9	73.2421875
0.92	49.9725341796875
0.9400000000000001	75.531005859375
0.96	55.3131103515625
0.98	80.4901123046875
1.0	78.9642333984375
1.02	77.056884765625
1.04	68.2830810546875
1.06	76.6754150390625
1.08	74.3865966796875
1.1	78.2012939453125
1.12	88.1195068359375
1.1400000000000001	92.6971435546875
1.16	74.76806640625
1.18	15.6402587890625
1.2	27.0843505859375
1.22	24.4140625
1.24	29.3731689453125
1.26	32.4249267578125
1.28	45.7763671875
1.3	72.8607177734375
1.32	70.1904296875
1.34	78.582763671875
1.36	59.50927734375
1.3800000000000001	80.87158203125
1.4000000000000001	64.0869140625
1.42	83.5418701171875
1.44	78.582763671875
1.46	94.9859619140625
1.48	80.4901123046875
1.5	90.02685546875
1.52	85.44921875
1.54	91.552734375
1.56	94.2230224609375
1.58	97.2747802734375
1.6	78.582763671875
1.62	57.6019287109375
1.6400000000000001	58.3648681640625
1.6600000000000001	60.6536865234375
1.68	62.56103515625
1.7	68.66455078125
1.72	84.3048095703125
1.74	94.6044921875
1.76	72.0977783203125
1.78	11.8255615234375
1.8	11.8255615234375
1.82	7.62939453125
1.84	15.6402587890625
1.86	10.68115234375
1.8800000000000001	25.93994140625
1.9000000000000001	30.8990478515625
1.92	74.005126953125
1.94	59.1278076171875
1.96	7.2479248046875
1.98	9.918212890625
2.0	11.8255615234375
2.02	12.5885009765625
2.04	18.6920166015625
2.06	25.177001953125
2.08	62.9425048828125
2.1	78.9642333984375
2.12	18.6920166015625
2.14	22.125244140625
2.16	17.1661376953125
2.18	26.3214111328125
2.2	19.83642578125
2.22	41.19873046875
2.24	38.909912109375
2.2600000000000002	86.5936279296875
2.2800000000000002	45.3948974609375
2.3000000000000003	69.8089599609375
2.32	65.61279296875
2.34	69.427490234375
2.36	71.3348388671875
2.38	70.1904296875
2.4	80.87158203125
2.42	78.2012939453125
2.44	95.7489013671875
2.46	90.02685546875
2.48	95.367431640625
2.5	93.07861328125
2.52	97.2747802734375
2.54	98.419189453125
2.56	99.18212890625
2.58	89.6453857421875
2.6	85.44921875
2.62	84.686279296875
2.64	89.263916015625
2.66	88.5009765625
2.68	95.367431640625
2.7	99.18212890625
2.72	70.1904296875
2.74	59.8907470703125
2.7600000000000002	62.56103515625
2.7800000000000002	63.7054443359375
2.8000000000000003	65.9942626953125
2.82	76.2939453125
2.84	86.97509765625
2.86	99.18212890625
2.88	99.5635986328125
2.9	99.18212890625
2.92	99.5635986328125
2.94	99.18212890625
2.96	96.5118408203125
2.98	99.18212890625
3.0	99.18212890625
3.02	99.5635986328125
3.04	98.8006591796875
3.06	99.5635986328125
3.08	99.18212890625
3.1	98.8006591796875
3.12	99.5635986328125
3.14	99.18212890625
3.16	99.5635986328125
3.18	98.8006591796875
3.2	99.5635986328125
3.22	99.18212890625
3.24	98.8006591796875
3.2600000000000002	99.5635986328125
3.2800000000000002	99.18212890625
3.3000000000000003	99.5635986328125
3.3200000000000003	98.8006591796875
3.34	99.18212890625
3.36	99.5635986328125
3.38	98.8006591796875
3.4	99.5635986328125
3.42	99.18212890625
3.44	99.18212890625
3.46	99.18212890625
3.48	99.18212890625
3.5	99.5635986328125
3.52	98.8006591796875
3.54	99.5635986328125
3.56	99.18212890625
3.58	98.8006591796875
3.6	99.5635986328125
3.62	99.18212890625
3.64	99.5635986328125
3.66	98.8006591796875
3.68	99.5635986328125
3.7	99.18212890625
3.72	98.8006591796875
3.74	99.5635986328125
3.7600000000000002	99.18212890625
3.7800000000000002	99.5635986328125
3.8000000000000003	98.8006591796875
3.8200000000000003	99.18212890625
3.84	99.5635986328125
3.86	98.8006591796875
3.88	99.5635986328125
3.9	99.18212890625
3.92	99.5635986328125
3.94	98.8006591796875
3.96	99.18212890625
3.98	99.5635986328125
4.0	98.8006591796875
4.0200000000000005	99.5635986328125
4.04	99.18212890625
4.0600000000000005	98.8006591796875
4.08	99.5635986328125
4.1	99.18212890625
4.12	99.5635986328125
4.14	98.8006591796875
4.16	99.5635986328125
4.18	99.18212890625
4.2	98.8006591796875
4.22	99.5635986328125
4.24	99.18212890625
4.26	99.5635986328125
4.28	98.8006591796875
4.3	99.18212890625
4.32	99.5635986328125
4.34	98.8006591796875
4.36	99.5635986328125
4.38	99.18212890625
4.4	99.5635986328125
4.42	98.8006591796875
4.44	99.18212890625
4.46	99.5635986328125
4.48	98.8006591796875
4.5	99.5635986328125
4.5200000000000005	99.18212890625
4.54	99.18212890625
4.5600000000000005	99.18212890625
4.58	99.18212890625
4.6000000000000005	99.5635986328125
4.62	98.8006591796875
4.64	99.5635986328125
4.66	99.18212890625
4.68	99.18212890625
4.7	99.18212890625
4.72	99.18212890625
4.74	99.5635986328125
4.76	98.8006591796875
4.78	99.18212890625
4.8	99.5635986328125
4.82	98.8006591796875
4.84	99.5635986328125
4.86	99.18212890625
4.88	99.5635986328125
4.9	98.8006591796875
4.92	99.18212890625
4.94	99.5635986328125
4.96	98.8006591796875
4.98	99.5635986328125
5.0	99.18212890625
5.0200000000000005	99.18212890625
5.04	99.18212890625
5.0600000000000005	99.18212890625
5.08	99.5635986328125
5.1000000000000005	98.8006591796875
5.12	99.5635986328125
5.14	99.18212890625
5.16	99.18212890625
5.18	99.18212890625
5.2	99.18212890625
5.22	99.5635986328125
5.24	98.8006591796875
5.26	99.18212890625
5.28	99.5635986328125
5.3	99.18212890625
5.32	99.18212890625
5.34	99.18212890625
5.36	99.5635986328125
5.38	98.8006591796875
5.4	99.18212890625
5.42	99.5635986328125
5.44	99.18212890625
5.46	99.18212890625
5.48	99.18212890625
5.5	99.18212890625
5.5200000000000005	99.18212890625
5.54	99.18212890625
5.5600000000000005	99.5635986328125
5.58	98.8006591796875
5.6000000000000005	99.5635986328125
5.62	99.18212890625
5.64	99.18212890625
5.66	99.18212890625
5.68	99.18212890625
5.7	99.5635986328125
5.72	98.8006591796875
5.74	99.18212890625
5.76	99.5635986328125
5.78	99.18212890625
5.8	99.18212890625
5.82	99.18212890625
5.84	99.5635986328125
5.86	98.8006591796875
5.88	99.18212890625
5.9	99.5635986328125
5.92	99.18212890625
5.94	99.18212890625
5.96	99.18212890625
5.98	99.18212890625
6.0	99.18212890625
6.0200000000000005	99.18212890625
6.04	99.5635986328125
6.0600000000000005	99.18212890625
6.08	99.18212890625
6.1000000000000005	99.18212890625
6.12	99.18212890625
6.140000000000001	99.18212890625
6.16	99.18212890625
6.18	99.5635986328125
6.2	98.8006591796875
6.22	99.18212890625
6.24	99.5635986328125
6.26	99.18212890625
6.28	99.18212890625
6.3	99.18212890625
6.32	99.5635986328125
6.34	98.8006591796875
6.36	99.18212890625
6.38	99.5635986328125
6.4	99.18212890625
6.42	99.18212890625
6.44	99.18212890625
6.46	99.5635986328125
6.48	98.8006591796875
6.5	99.18212890625
6.5200000000000005	99.5635986328125
6.54	99.18212890625
6.5600000000000005	99.18212890625
6.58	99.18212890625
6.6000000000000005	99.18212890625
6.62	99.18212890625
6.640000000000001	99.18212890625
6.66	99.5635986328125
6.68	99.18212890625
6.7	99.18212890625
6.72	99.18212890625
6.74	99.18212890625
6.76	99.18212890625
6.78	99.18212890625
6.8	99.5635986328125
6.82	99.18212890625
6.84	98.8006591796875
6.86	99.5635986328125
6.88	99.18212890625
6.9	99.18212890625
6.92	99.18212890625
6.94	99.5635986328125
6.96	98.8006591796875
6.98	99.18212890625
7.0	99.5635986328125
7.0200000000000005	99.18212890625
7.04	99.18212890625
7.0600000000000005	99.18212890625
7.08	99.18212890625
7.1000000000000005	99.18212890625
7.12	99.18212890625
7.140000000000001	99.5635986328125
7.16	99.18212890625
7.18	99.18212890625
7.2	99.18212890625
7.22	99.18212890625
7.24	99.18212890625
7.26	99.18212890625
7.28	99.5635986328125
7.3	99.18212890625
7.32	98.8006591796875
7.34	99.5635986328125
7.36	99.18212890625
7.38	99.18212890625
7.4	99.18212890625
7.42	99.5635986328125
7.44	99.18212890625
7.46	98.8006591796875
7.48	99.5635986328125
7.5	99.18212890625
7.5200000000000005	99.18212890625
7.54	99.18212890625
7.5600000000000005	99.18212890625
7.58	99.5635986328125
7.6000000000000005	98.8006591796875
7.62	99.5635986328125
7.640000000000001	99.18212890625
7.66	99.18212890625
7.68	99.18212890625
7.7	99.18212890625
7.72	99.18212890625
7.74	99.18212890625
7.76	99.5635986328125
7.78	99.18212890625
7.8	98.8006591796875
7.82	99.5635986328125
7.84	99.18212890625
7.86	99.18212890625
7.88	99.18212890625
7.9	99.5635986328125
7.92	99.18212890625
7.94	98.8006591796875
7.96	99.5635986328125
7.98	99.18212890625
8.0	99.18212890625
8.02	99.18212890625
8.040000000000001	99.18212890625
8.06	99.5635986328125
8.08	98.8006591796875
8.1	99.5635986328125
8.120000000000001	99.18212890625
8.14	99.18212890625
8.16	99.18212890625
8.18	99.18212890625
8.2	99.5635986328125
8.22	98.8006591796875
8.24	99.5635986328125
8.26	99.18212890625
8.28	98.8006591796875
8.3	99.5635986328125
8.32	99.18212890625
8.34	99.18212890625
8.36	99.18212890625
8.38	99.5635986328125
8.4	99.18212890625
8.42	98.8006591796875
8.44	99.5635986328125
8.46	99.18212890625
8.48	99.18212890625
8.5	99.18212890625
8.52	99.18212890625
8.540000000000001	99.5635986328125
8.56	98.8006591796875
8.58	99.5635986328125
8.6	99.18212890625
8.620000000000001	99.18212890625
8.64	99.18212890625
8.66	99.18212890625
8.68	99.5635986328125
8.700000000000001	98.8006591796875
8.72	99.5635986328125
8.74	99.18212890625
8.76	98.8006591796875
8.78	99.5635986328125
8.8	99.18212890625
8.82	99.5635986328125
8.84	98.8006591796875
8.86	99.5635986328125
8.88	99.18212890625
8.9	98.8006591796875
8.92	99.5635986328125
8.94	99.18212890625
8.96	99.5635986328125
8.98	98.8006591796875
9.0	99.18212890625
9.02	99.5635986328125
9.040000000000001	98.8006591796875
9.06	99.5635986328125
9.08	99.18212890625
9.1	99.18212890625
9.120000000000001	99.18212890625
9.14	99.18212890625
9.16	99.5635986328125
9.18	98.8006591796875
9.200000000000001	99.5635986328125
9.22	99.18212890625
9.24	98.8006591796875
9.26	99.5635986328125
9.28	99.18212890625
9.3	99.5635986328125
9.32	98.8006591796875
9.34	99.5635986328125
9.36	99.18212890625
9.38	98.8006591796875
9.4	99.5635986328125
9.42	99.18212890625
9.44	99.5635986328125
9.46	98.8006591796875
9.48	99.18212890625
9.5	99.5635986328125
9.52	98.8006591796875
9.540000000000001	99.5635986328125
9.56	99.18212890625
9.58	99.5635986328125
9.6	98.8006591796875
9.620000000000001	99.18212890625
9.64	99.5635986328125
9.66	98.8006591796875
9.68	99.5635986328125
9.700000000000001	99.18212890625
9.72	99.18212890625
9.74	99.18212890625
9.76	99.18212890625
9.78	99.5635986328125
9.8	98.8006591796875
9.82	99.5635986328125
9.84	99.18212890625
9.86	98.8006591796875
9.88	99.5635986328125
9.9	99.18212890625
9.92	99.5635986328125
9.94	98.8006591796875
9.96	99.18212890625
9.98	99.5635986328125
10.0	98.8006591796875
10.02	99.5635986328125
10.040000000000001	99.18212890625
10.06	99.5635986328125
10.08	98.8006591796875
10.1	99.18212890625
10.120000000000001	99.5635986328125
10.14	98.8006591796875
10.16	99.5635986328125
10.18	99.18212890625
10.200000000000001	99.18212890625
10.22	99.18212890625
10.24	99.18212890625
10.26	99.5635986328125
10.28	98.8006591796875
10.3	99.5635986328125
10.32	99.18212890625
10.34	99.18212890625
10.36	99.18212890625
10.38	99.18212890625
10.4	99.5635986328125
10.42	98.8006591796875
10.44	99.5635986328125
10.46	99.18212890625
10.48	99.18212890625
10.5	99.18212890625
10.52	99.18212890625
10.540000000000001	99.5635986328125
10.56	98.8006591796875
10.58	99.18212890625
10.6	99.5635986328125
10.620000000000001	98.8006591796875
10.64	99.5635986328125
10.66	99.18212890625
10.68	99.5635986328125
10.700000000000001	98.8006591796875
10.72	99.18212890625
10.74	99.5635986328125
10.76	98.8006591796875
10.78	99.5635986328125
10.8	99.18212890625
10.82	99.18212890625
10.84	99.18212890625
10.86	99.18212890625
10.88	99.5635986328125
10.9	98.8006591796875
10.92	99.5635986328125
10.94	99.18212890625
10.96	99.18212890625
10.98	99.18212890625
11.0	99.18212890625
11.02	99.5635986328125
11.040000000000001	98.8006591796875
11.06	99.18212890625
11.08	99.5635986328125
11.1	99.18212890625
11.120000000000001	99.18212890625
11.14	99.18212890625
11.16	99.5635986328125
11.18	98.8006591796875
11.200000000000001	99.18212890625
11.22	99.5635986328125
11.24	98.8006591796875
11.26	99.5635986328125
11.28	99.18212890625
11.3	99.18212890625
11.32	99.18212890625
11.34	99.18212890625
11.36	99.5635986328125
11.38	98.8006591796875
11.4	99.5635986328125
11.42	99.18212890625
11.44	99.18212890625
11.46	99.18212890625
11.48	99.18212890625
11.5	99.5635986328125
11.52	98.8006591796875
11.540000000000001	99.18212890625
11.56	99.5635986328125
11.58	99.18212890625
11.6	99.18212890625
11.620000000000001	99.18212890625
11.64	99.5635986328125
11.66	98.8006591796875
11.68	99.18212890625
11.700000000000001	99.5635986328125
11.72	99.18212890625
11.74	99.18212890625
11.76	99.18212890625
11.78	99.18212890625
11.8	99.18212890625
11.82	99.18212890625
11.84	99.5635986328125
11.86	99.18212890625
11.88	99.18212890625
11.9	99.18212890625
11.92	99.18212890625
11.94	99.18212890625
11.96	99.18212890625
11.98	99.5635986328125
12.0	98.8006591796875
12.02	99.18212890625
12.040000000000001	99.5635986328125
12.06	99.18212890625
12.08	99.18212890625
12.1	99.18212890625
12.120000000000001	99.5635986328125
12.14	98.8006591796875
12.16	99.18212890625
12.18	99.5635986328125
12.200000000000001	99.18212890625
12.22	99.18212890625
12.24	99.18212890625
12.26	99.18212890625
12.280000000000001	99.18212890625
12.3	99.18212890625
12.32	99.5635986328125
12.34	99.18212890625
12.36	99.18212890625
12.38	99.18212890625
12.4	99.18212890625
12.42	99.18212890625
12.44	99.18212890625
12.46	99.5635986328125
12.48	99.18212890625
12.5	98.8006591796875
12.52	99.5635986328125
12.540000000000001	99.18212890625
12.56	99.18212890625
12.58	99.18212890625
12.6	99.5635986328125
12.620000000000001	99.18212890625
12.64	98.8006591796875
12.66	99.5635986328125
12.68	99.18212890625
12.700000000000001	99.18212890625
12.72	99.18212890625
12.74	99.18212890625
12.76	99.18212890625
12.780000000000001	99.18212890625
12.8	99.5635986328125
12.82	99.18212890625
12.84	99.18212890625
12.86	99.18212890625
12.88	99.18212890625
12.9	99.18212890625
12.92	99.18212890625
12.94	99.5635986328125
12.96	99.18212890625
12.98	98.8006591796875
13.0	99.5635986328125
13.02	99.18212890625
13.040000000000001	99.18212890625
13.06	99.18212890625
13.08	99.5635986328125
13.1	99.18212890625
13.120000000000001	98.8006591796875
13.14	99.5635986328125
13.16	99.18212890625
13.18	99.18212890625
13.200000000000001	99.18212890625
13.22	99.18212890625
13.24	99.5635986328125
13.26	98.8006591796875
13.280000000000001	99.5635986328125
13.3	99.18212890625
13.32	99.18212890625
